Made 1 2 3 4 5 6 7 8 9 1010 11 12 it 
t = 1
t = 2
t = 3
t = 4
t = 5
t = 6
t = 7
t = 8
t = 9
t = 10
Yo! 
a_t_t_s
        0  -1.3597  -1.4979  -2.2848  -3.0558  -3.7400  -4.3152  -4.9743  -5.5830  -6.1143
        0   0.3340   0.5826   0.8985   1.1977   1.5868   1.7599   2.0080   2.2442   2.4519
        0   0.5352   1.1764   1.1518   1.3265   1.6038   1.9243   2.1741   2.4117   2.6198
        0   0.4779   0.9874   1.1915   1.1824   1.1520   1.4810   1.7303   1.9669   2.1751
a_t_less_s
        0  -1.3597  -1.4979  -2.2848  -3.0558  -3.7400  -4.3152  -4.9743  -5.5830  -6.1143
        0   0.3340   0.5826   0.8985   1.1977   1.5868   1.7599   2.0080   2.2442   2.4519
        0   0.5352   1.1764   1.1518   1.3265   1.6038   1.9243   2.1741   2.4117   2.6198
        0   0.4779   0.9874   1.1915   1.1824   1.1520   1.4810   1.7303   1.9669   2.1751
  -0.9820
   0.3907
   0.3909
   0.3909
V_t_less_s
[cube slice 0]
   11.0000         0         0         0
         0   11.0000         0         0
         0         0   11.0000         0
         0         0         0   11.0000

[cube slice 1]
   1.2115   0.1785   0.1742   0.1756
   0.1785   1.4569  -0.0066  -0.0038
   0.1742  -0.0066   1.4586  -0.0155
   0.1756  -0.0038  -0.0155   1.4585

[cube slice 2]
   1.2612   0.2197   0.2151   0.2173
   0.2197   1.6003  -0.0270  -0.0233
   0.2151  -0.0270   1.6022  -0.0356
   0.2173  -0.0233  -0.0356   1.6027

[cube slice 3]
   1.3618   0.2995   0.2991   0.3040
   0.2995   1.8507  -0.0581  -0.0423
   0.2991  -0.0581   1.8578  -0.0500
   0.3040  -0.0423  -0.0500   1.8543

[cube slice 4]
   1.5337   0.4429   0.4415   0.4442
   0.4429   2.2943  -0.1003  -0.0838
   0.4415  -0.1003   2.3018  -0.0934
   0.4442  -0.0838  -0.0934   2.2927

[cube slice 5]
   1.7572   0.6270   0.6250   0.6263
   0.6270   2.8719  -0.1534  -0.1429
   0.6250  -0.1534   2.8786  -0.1499
   0.6263  -0.1429  -0.1499   2.8691

[cube slice 6]
   2.0214   0.8386   0.8364   0.8377
   0.8386   3.5523  -0.2196  -0.2138
   0.8364  -0.2196   3.5579  -0.2216
   0.8377  -0.2138  -0.2216   3.5520

[cube slice 7]
   2.3185   1.0642   1.0644   1.0648
   1.0642   4.3095  -0.2981  -0.2941
   1.0644  -0.2981   4.3144  -0.3015
   1.0648  -0.2941  -0.3015   4.3102

[cube slice 8]
   2.6641   1.2957   1.2974   1.2961
   1.2957   5.1315  -0.3834  -0.3797
   1.2974  -0.3834   5.1367  -0.3888
   1.2961  -0.3797  -0.3888   5.1317

[cube slice 9]
   3.0607   1.5176   1.5201   1.5189
   1.5176   5.9936  -0.4684  -0.4645
   1.5201  -0.4684   5.9990  -0.4731
   1.5189  -0.4645  -0.4731   5.9936

V_t_t_s
[cube slice 0]
   10.0000         0         0         0
         0   10.0000         0         0
         0         0   10.0000         0
         0         0         0   10.0000

[cube slice 1]
   0.2115   0.1785   0.1742   0.1756
   0.1785   0.4569  -0.0066  -0.0038
   0.1742  -0.0066   0.4586  -0.0155
   0.1756  -0.0038  -0.0155   0.4585

[cube slice 2]
   0.2612   0.2197   0.2151   0.2173
   0.2197   0.6003  -0.0270  -0.0233
   0.2151  -0.0270   0.6022  -0.0356
   0.2173  -0.0233  -0.0356   0.6027

[cube slice 3]
   0.3618   0.2995   0.2991   0.3040
   0.2995   0.8507  -0.0581  -0.0423
   0.2991  -0.0581   0.8578  -0.0500
   0.3040  -0.0423  -0.0500   0.8543

[cube slice 4]
   0.5337   0.4429   0.4415   0.4442
   0.4429   1.2943  -0.1003  -0.0838
   0.4415  -0.1003   1.3018  -0.0934
   0.4442  -0.0838  -0.0934   1.2927

[cube slice 5]
   0.7572   0.6270   0.6250   0.6263
   0.6270   1.8719  -0.1534  -0.1429
   0.6250  -0.1534   1.8786  -0.1499
   0.6263  -0.1429  -0.1499   1.8691

[cube slice 6]
   1.0214   0.8386   0.8364   0.8377
   0.8386   2.5523  -0.2196  -0.2138
   0.8364  -0.2196   2.5579  -0.2216
   0.8377  -0.2138  -0.2216   2.5520

[cube slice 7]
   1.3185   1.0642   1.0644   1.0648
   1.0642   3.3095  -0.2981  -0.2941
   1.0644  -0.2981   3.3144  -0.3015
   1.0648  -0.2941  -0.3015   3.3102

[cube slice 8]
   1.6641   1.2957   1.2974   1.2961
   1.2957   4.1315  -0.3834  -0.3797
   1.2974  -0.3834   4.1367  -0.3888
   1.2961  -0.3797  -0.3888   4.1317

[cube slice 9]
   2.0607   1.5176   1.5201   1.5189
   1.5176   4.9936  -0.4684  -0.4645
   1.5201  -0.4684   4.9990  -0.4731
   1.5189  -0.4645  -0.4731   4.9936

[cube slice 10]
   2.5088   1.7272   1.7288   1.7280
   1.7272   5.8789  -0.5495  -0.5450
   1.7288  -0.5495   5.8848  -0.5527
   1.7280  -0.5450  -0.5527   5.8796

t = 1
t = 2
t = 3
t = 4
t = 5
t = 6
t = 7
t = 8
t = 9
t = 10
Yo! 
a_t_t_s
  -1.1484  -1.3311  -1.0572  -1.8327  -2.6000  -3.2760  -3.8346  -4.4787  -5.0518  -5.5329
   0.3423   0.8319   0.9615   1.3005   1.6130   2.0141   2.1914   2.4440   2.6752   2.8699
   0.5930   1.3874   1.9927   1.8940   2.0510   2.3193   2.6301   2.8711   3.0913   3.2758
   0.5091   1.2206   1.6595   1.8240   1.7599   1.6861   1.9804   2.1916   2.3841   2.5464
a_t_less_s
  -1.1484  -1.3311  -1.0572  -1.8327  -2.6000  -3.2760  -3.8346  -4.4787  -5.0518  -5.5329
   0.3423   0.8319   0.9615   1.3005   1.6130   2.0141   2.1914   2.4440   2.6752   2.8699
   0.5930   1.3874   1.9927   1.8940   2.0510   2.3193   2.6301   2.8711   3.0913   3.2758
   0.5091   1.2206   1.6595   1.8240   1.7599   1.6861   1.9804   2.1916   2.3841   2.5464
  -0.9883
   0.3929
   0.3929
   0.3931
V_t_less_s
[cube slice 0]
   10.7518    0.0534    0.0691    0.0908
    0.0534   10.8673   -0.0154   -0.0247
    0.0691   -0.0154   10.8665   -0.0224
    0.0908   -0.0247   -0.0224   10.8503

[cube slice 1]
   1.1412   0.3820   0.3901   0.4144
   0.3820   1.7182  -0.0322  -0.0364
   0.3901  -0.0322   1.7207  -0.0548
   0.4144  -0.0364  -0.0548   1.7043

[cube slice 2]
   1.1552   0.3918   0.4021   0.4271
   0.3918   1.7864  -0.0536  -0.0573
   0.4021  -0.0536   1.7910  -0.0717
   0.4271  -0.0573  -0.0717   1.7754

[cube slice 3]
   1.1983   0.4222   0.4393   0.4668
   0.4222   1.8969  -0.0769  -0.0681
   0.4393  -0.0769   1.9084  -0.0735
   0.4668  -0.0681  -0.0735   1.8886

[cube slice 4]
   1.3495   0.5464   0.5651   0.5903
   0.5464   2.2853  -0.1147  -0.1059
   0.5651  -0.1147   2.3004  -0.1096
   0.5903  -0.1059  -0.1096   2.2750

[cube slice 5]
   1.5569   0.7142   0.7355   0.7595
   0.7142   2.8117  -0.1619  -0.1589
   0.7355  -0.1619   2.8306  -0.1565
   0.7595  -0.1589  -0.1565   2.8042

[cube slice 6]
   1.8038   0.9068   0.9320   0.9564
   0.9068   3.4302  -0.2194  -0.2209
   0.9320  -0.2194   3.4532  -0.2150
   0.9564  -0.2209  -0.2150   3.4292

[cube slice 7]
   2.0812   1.1102   1.1422   1.1667
   1.1102   4.1122  -0.2856  -0.2894
   1.1422  -0.2856   4.1402  -0.2786
   1.1667  -0.2894  -0.2786   4.1167

[cube slice 8]
   2.4038   1.3164   1.3556   1.3807
   1.3164   4.8472  -0.3560  -0.3614
   1.3556  -0.3560   4.8811  -0.3469
   1.3807  -0.3614  -0.3469   4.8551

[cube slice 9]
   2.7645   1.5153   1.5619   1.5908
   1.5153   5.6130  -0.4259  -0.4331
   1.5619  -0.4259   5.6525  -0.4133
   1.5908  -0.4331  -0.4133   5.6231

V_t_t_s
[cube slice 0]
   10.0000         0         0         0
         0   10.0000         0         0
         0         0   10.0000         0
         0         0         0   10.0000

[cube slice 1]
   0.3894   0.3286   0.3209   0.3237
   0.3286   0.8509  -0.0168  -0.0117
   0.3209  -0.0168   0.8543  -0.0325
   0.3237  -0.0117  -0.0325   0.8540

[cube slice 2]
   0.4034   0.3384   0.3330   0.3364
   0.3384   0.9191  -0.0382  -0.0326
   0.3330  -0.0382   0.9245  -0.0493
   0.3364  -0.0326  -0.0493   0.9251

[cube slice 3]
   0.4465   0.3688   0.3701   0.3761
   0.3688   1.0296  -0.0614  -0.0434
   0.3701  -0.0614   1.0420  -0.0511
   0.3761  -0.0434  -0.0511   1.0383

[cube slice 4]
   0.5977   0.4930   0.4960   0.4996
   0.4930   1.4180  -0.0993  -0.0812
   0.4960  -0.0993   1.4340  -0.0872
   0.4996  -0.0812  -0.0872   1.4247

[cube slice 5]
   0.8051   0.6608   0.6664   0.6688
   0.6608   1.9444  -0.1465  -0.1342
   0.6664  -0.1465   1.9642  -0.1342
   0.6688  -0.1342  -0.1342   1.9539

[cube slice 6]
   1.0520   0.8534   0.8629   0.8657
   0.8534   2.5629  -0.2040  -0.1961
   0.8629  -0.2040   2.5867  -0.1926
   0.8657  -0.1961  -0.1926   2.5789

[cube slice 7]
   1.3294   1.0568   1.0731   1.0759
   1.0568   3.2449  -0.2702  -0.2647
   1.0731  -0.2702   3.2737  -0.2562
   1.0759  -0.2647  -0.2562   3.2664

[cube slice 8]
   1.6520   1.2630   1.2864   1.2899
   1.2630   3.9800  -0.3406  -0.3366
   1.2864  -0.3406   4.0146  -0.3245
   1.2899  -0.3366  -0.3245   4.0048

[cube slice 9]
   2.0127   1.4619   1.4928   1.5000
   1.4619   4.7457  -0.4105  -0.4083
   1.4928  -0.4105   4.7861  -0.3909
   1.5000  -0.4083  -0.3909   4.7728

[cube slice 10]
   2.4036   1.6548   1.6924   1.7050
   1.6548   5.5275  -0.4787  -0.4785
   1.6924  -0.4787   5.5736  -0.4554
   1.7050  -0.4785  -0.4554   5.5564

t = 1
t = 2
t = 3
t = 4
t = 5
t = 6
t = 7
t = 8
t = 9
t = 10
Yo! 
a_t_t_s
  -1.1867  -0.5871  -0.2561  -1.1276  -1.9334  -2.6318  -3.2079  -3.8595  -4.4330  -4.9105
   0.8700   1.6338   1.2961   1.6177   1.9287   2.3326   2.5241   2.7867   3.0246   3.2234
   1.4984   2.7594   2.8294   2.6158   2.7397   2.9869   3.2799   3.5061   3.7108   3.8805
   1.2862   2.4192   2.3579   2.4360   2.3206   2.2143   2.4679   2.6392   2.7938   2.9228
a_t_less_s
  -1.1867  -0.5871  -0.2561  -1.1276  -1.9334  -2.6318  -3.2079  -3.8595  -4.4330  -4.9105
   0.8700   1.6338   1.2961   1.6177   1.9287   2.3326   2.5241   2.7867   3.0246   3.2234
   1.4984   2.7594   2.8294   2.6158   2.7397   2.9869   3.2799   3.5061   3.7108   3.8805
   1.2862   2.4192   2.3579   2.4360   2.3206   2.2143   2.4679   2.6392   2.7938   2.9228
  -1.0835
   0.4304
   0.4302
   0.4306
V_t_less_s
[cube slice 0]
   10.6728    0.0560    0.0893    0.1237
    0.0560   10.7952   -0.0167   -0.0321
    0.0893   -0.0167   10.7873   -0.0296
    0.1237   -0.0321   -0.0296   10.7646

[cube slice 1]
   1.3928   0.6637   0.6838   0.7235
   0.6637   2.4043  -0.0646  -0.0704
   0.6838  -0.0646   2.4038  -0.1039
   0.7235  -0.0704  -0.1039   2.3803

[cube slice 2]
   1.2983   0.5817   0.6065   0.6466
   0.5817   2.2116  -0.0694  -0.0755
   0.6065  -0.0694   2.2142  -0.0994
   0.6466  -0.0755  -0.0994   2.1918

[cube slice 3]
   1.1833   0.4777   0.5130   0.5553
   0.4777   1.9423  -0.0728  -0.0650
   0.5130  -0.0728   1.9513  -0.0721
   0.5553  -0.0650  -0.0721   1.9240

[cube slice 4]
   1.2933   0.5670   0.6054   0.6443
   0.5670   2.2305  -0.1031  -0.0975
   0.6054  -0.1031   2.2440  -0.1004
   0.6443  -0.0975  -0.1004   2.2108

[cube slice 5]
   1.4774   0.7144   0.7573   0.7948
   0.7144   2.6930  -0.1433  -0.1446
   0.7573  -0.1433   2.7126  -0.1390
   0.7948  -0.1446  -0.1390   2.6781

[cube slice 6]
   1.7051   0.8897   0.9389   0.9770
   0.8897   3.2535  -0.1931  -0.1994
   0.9389  -0.1931   3.2800  -0.1877
   0.9770  -0.1994  -0.1877   3.2474

[cube slice 7]
   1.9640   1.0763   1.1356   1.1742
   1.0763   3.8770  -0.2507  -0.2601
   1.1356  -0.2507   3.9112  -0.2407
   1.1742  -0.2601  -0.2407   3.8783

[cube slice 8]
   2.2661   1.2658   1.3366   1.3776
   1.2658   4.5504  -0.3119  -0.3240
   1.3366  -0.3119   4.5929  -0.2981
   1.3776  -0.3240  -0.2981   4.5563

[cube slice 9]
   2.6017   1.4493   1.5331   1.5803
   1.4493   5.2521  -0.3728  -0.3883
   1.5331  -0.3728   5.3020  -0.3546
   1.5803  -0.3883  -0.3546   5.2603

V_t_t_s
[cube slice 0]
   10.0000         0         0         0
         0   10.0000         0         0
         0         0   10.0000         0
         0         0         0   10.0000

[cube slice 1]
   0.7200   0.6077   0.5945   0.5998
   0.6077   1.6091  -0.0480  -0.0383
   0.5945  -0.0480   1.6164  -0.0743
   0.5998  -0.0383  -0.0743   1.6157

[cube slice 2]
   0.6255   0.5257   0.5173   0.5229
   0.5257   1.4164  -0.0528  -0.0433
   0.5173  -0.0528   1.4269  -0.0698
   0.5229  -0.0433  -0.0698   1.4272

[cube slice 3]
   0.5105   0.4217   0.4237   0.4316
   0.4217   1.1471  -0.0561  -0.0329
   0.4237  -0.0561   1.1639  -0.0425
   0.4316  -0.0329  -0.0425   1.1594

[cube slice 4]
   0.6205   0.5110   0.5161   0.5206
   0.5110   1.4353  -0.0864  -0.0654
   0.5161  -0.0864   1.4567  -0.0707
   0.5206  -0.0654  -0.0707   1.4462

[cube slice 5]
   0.8046   0.6584   0.6681   0.6710
   0.6584   1.8978  -0.1266  -0.1124
   0.6681  -0.1266   1.9252  -0.1094
   0.6710  -0.1124  -0.1094   1.9135

[cube slice 6]
   1.0323   0.8337   0.8497   0.8532
   0.8337   2.4583  -0.1765  -0.1673
   0.8497  -0.1765   2.4926  -0.1581
   0.8532  -0.1673  -0.1581   2.4828

[cube slice 7]
   1.2912   1.0203   1.0463   1.0505
   1.0203   3.0818  -0.2341  -0.2280
   1.0463  -0.2341   3.1239  -0.2111
   1.0505  -0.2280  -0.2111   3.1137

[cube slice 8]
   1.5933   1.2099   1.2473   1.2539
   1.2099   3.7552  -0.2952  -0.2919
   1.2473  -0.2952   3.8056  -0.2685
   1.2539  -0.2919  -0.2685   3.7918

[cube slice 9]
   1.9289   1.3933   1.4438   1.4565
   1.3933   4.4569  -0.3561  -0.3562
   1.4438  -0.3561   4.5147  -0.3250
   1.4565  -0.3562  -0.3250   4.4957

[cube slice 10]
   2.2898   1.5723   1.6359   1.6571
   1.5723   5.1730  -0.4158  -0.4197
   1.6359  -0.4158   5.2378  -0.3804
   1.6571  -0.4197  -0.3804   5.2130

t = 1
t = 2
t = 3
t = 4
t = 5
t = 6
t = 7
t = 8
t = 9
t = 10
Yo! 
a_t_t_s
  -0.7934   0.3196   0.1588  -0.8149  -1.6570  -2.3821  -2.9870  -3.6589  -4.2540  -4.7519
   1.4669   2.3306   1.3346   1.6252   1.9318   2.3337   2.5427   2.8171   3.0675   3.2778
   2.5661   3.9859   3.1315   2.8373   2.9387   3.1671   3.4429   3.6556   3.8497   4.0114
   2.1890   3.4884   2.6066   2.6105   2.4703   2.3494   2.5670   2.7056   2.8317   2.9374
a_t_less_s
  -0.7934   0.3196   0.1588  -0.8149  -1.6570  -2.3821  -2.9870  -3.6589  -4.2540  -4.7519
   1.4669   2.3306   1.3346   1.6252   1.9318   2.3337   2.5427   2.8171   3.0675   3.2778
   2.5661   3.9859   3.1315   2.8373   2.9387   3.1671   3.4429   3.6556   3.8497   4.0114
   2.1890   3.4884   2.6066   2.6105   2.4703   2.3494   2.5670   2.7056   2.8317   2.9374
  -1.1730
   0.4659
   0.4656
   0.4662
V_t_less_s
[cube slice 0]
   10.6681    0.0361    0.0866    0.1337
    0.0361   10.7496   -0.0116   -0.0324
    0.0866   -0.0116   10.7321   -0.0304
    0.1337   -0.0324   -0.0304   10.7069

[cube slice 1]
   1.7617   0.9591   0.9917   1.0471
   0.9591   3.2587  -0.1156  -0.1216
   0.9917  -0.1156   3.2556  -0.1692
   1.0471  -0.1216  -0.1692   3.2286

[cube slice 2]
   1.5046   0.7407   0.7795   0.8349
   0.7407   2.6491  -0.0825  -0.0892
   0.7795  -0.0825   2.6481  -0.1239
   0.8349  -0.0892  -0.1239   2.6229

[cube slice 3]
   1.1929   0.4695   0.5222   0.5787
   0.4695   1.9097  -0.0618  -0.0553
   0.5222  -0.0618   1.9111  -0.0639
   0.5787  -0.0553  -0.0639   1.8811

[cube slice 4]
   1.2683   0.5301   0.5862   0.6387
   0.5301   2.1151  -0.0856  -0.0836
   0.5862  -0.0856   2.1204  -0.0868
   0.6387  -0.0836  -0.0868   2.0850

[cube slice 5]
   1.4333   0.6613   0.7227   0.7739
   0.6613   2.5257  -0.1200  -0.1255
   0.7227  -0.1200   2.5376  -0.1194
   0.7739  -0.1255  -0.1194   2.5018

[cube slice 6]
   1.6449   0.8231   0.8920   0.9442
   0.8231   3.0394  -0.1638  -0.1746
   0.8920  -0.1638   3.0592  -0.1611
   0.9442  -0.1746  -0.1611   3.0261

[cube slice 7]
   1.8885   0.9971   1.0776   1.1313
   0.9971   3.6169  -0.2151  -0.2292
   1.0776  -0.2151   3.6455  -0.2069
   1.1313  -0.2292  -0.2069   3.6128

[cube slice 8]
   2.1748   1.1741   1.2688   1.3265
   1.1741   4.2433  -0.2697  -0.2870
   1.2688  -0.2697   4.2806  -0.2569
   1.3265  -0.2870  -0.2569   4.2450

[cube slice 9]
   2.4956   1.3444   1.4561   1.5224
   1.3444   4.8976  -0.3239  -0.3455
   1.4561  -0.3239   4.9421  -0.3065
   1.5224  -0.3455  -0.3065   4.9017

V_t_t_s
[cube slice 0]
   10.0000         0         0         0
         0   10.0000         0         0
         0         0   10.0000         0
         0         0         0   10.0000

[cube slice 1]
   1.0936   0.9230   0.9051   0.9133
   0.9230   2.5091  -0.1040  -0.0892
   0.9051  -0.1040   2.5236  -0.1389
   0.9133  -0.0892  -0.1389   2.5217

[cube slice 2]
   0.8366   0.7046   0.6928   0.7012
   0.7046   1.8995  -0.0709  -0.0567
   0.6928  -0.0709   1.9160  -0.0936
   0.7012  -0.0567  -0.0936   1.9160

[cube slice 3]
   0.5249   0.4334   0.4356   0.4449
   0.4334   1.1601  -0.0503  -0.0228
   0.4356  -0.0503   1.1791  -0.0335
   0.4449  -0.0228  -0.0335   1.1742

[cube slice 4]
   0.6003   0.4940   0.4995   0.5049
   0.4940   1.3655  -0.0740  -0.0512
   0.4995  -0.0740   1.3883  -0.0565
   0.5049  -0.0512  -0.0565   1.3781

[cube slice 5]
   0.7652   0.6252   0.6361   0.6401
   0.6252   1.7761  -0.1084  -0.0931
   0.6361  -0.1084   1.8055  -0.0890
   0.6401  -0.0931  -0.0890   1.7949

[cube slice 6]
   0.9768   0.7870   0.8054   0.8105
   0.7870   2.2898  -0.1522  -0.1421
   0.8054  -0.1522   2.3271  -0.1308
   0.8105  -0.1421  -0.1308   2.3193

[cube slice 7]
   1.2205   0.9610   0.9910   0.9975
   0.9610   2.8673  -0.2036  -0.1968
   0.9910  -0.2036   2.9135  -0.1765
   0.9975  -0.1968  -0.1765   2.9059

[cube slice 8]
   1.5067   1.1379   1.1822   1.1927
   1.1379   3.4937  -0.2582  -0.2545
   1.1822  -0.2582   3.5486  -0.2265
   1.1927  -0.2545  -0.2265   3.5381

[cube slice 9]
   1.8275   1.3083   1.3694   1.3886
   1.3083   4.1480  -0.3124  -0.3131
   1.3694  -0.3124   4.2100  -0.2761
   1.3886  -0.3131  -0.2761   4.1949

[cube slice 10]
   2.1750   1.4735   1.5526   1.5834
   1.4735   4.8168  -0.3653  -0.3709
   1.5526  -0.3653   4.8849  -0.3251
   1.5834  -0.3709  -0.3251   4.8642

t = 1
t = 2
t = 3
t = 4
t = 5
t = 6
t = 7
t = 8
t = 9
t = 10
Yo! 
a_t_t_s
  -0.6132   0.7271   0.1776  -0.8180  -1.6621  -2.3873  -2.9942  -3.6679  -4.2697  -4.7768
   1.7204   2.5903   1.2782   1.5682   1.8832   2.2936   2.5221   2.8147   3.0839   3.3117
   3.0890   4.4699   3.1181   2.8085   2.9127   3.1442   3.4239   3.6438   3.8459   4.0158
   2.6161   3.9107   2.5920   2.5777   2.4332   2.3119   2.5176   2.6466   2.7650   2.8649
a_t_less_s
  -0.6132   0.7271   0.1776  -0.8180  -1.6621  -2.3873  -2.9942  -3.6679  -4.2697  -4.7768
   1.7204   2.5903   1.2782   1.5682   1.8832   2.2936   2.5221   2.8147   3.0839   3.3117
   3.0890   4.4699   3.1181   2.8085   2.9127   3.1442   3.4239   3.6438   3.8459   4.0158
   2.6161   3.9107   2.5920   2.5777   2.4332   2.3119   2.5176   2.6466   2.7650   2.8649
  -1.1597
   0.4606
   0.4603
   0.4610
V_t_less_s
[cube slice 0]
   10.6927    0.0014    0.0654    0.1281
    0.0014   10.7256    0.0081   -0.0208
    0.0654    0.0081   10.7026   -0.0173
    0.1281   -0.0208   -0.0173   10.6705

[cube slice 1]
   2.0040   1.1076   1.1522   1.2246
   1.1076   3.7799  -0.1392  -0.1509
   1.1522  -0.1392   3.7771  -0.2025
   1.2246  -0.1509  -0.2025   3.7423

[cube slice 2]
   1.6244   0.7861   0.8380   0.9103
   0.7861   2.8421  -0.0712  -0.0836
   0.8380  -0.0712   2.8405  -0.1209
   0.9103  -0.0836  -0.1209   2.8082

[cube slice 3]
   1.2235   0.4391   0.5060   0.5787
   0.4391   1.8899  -0.0396  -0.0397
   0.5060  -0.0396   1.8875  -0.0467
   0.5787  -0.0397  -0.0467   1.8505

[cube slice 4]
   1.2857   0.4878   0.5594   0.6280
   0.4878   2.0568  -0.0585  -0.0640
   0.5594  -0.0585   2.0597  -0.0641
   0.6280  -0.0640  -0.0641   2.0180

[cube slice 5]
   1.4424   0.6110   0.6897   0.7572
   0.6110   2.4366  -0.0875  -0.1006
   0.6897  -0.0875   2.4486  -0.0896
   0.7572  -0.1006  -0.0896   2.4072

[cube slice 6]
   1.6463   0.7650   0.8535   0.9225
   0.7650   2.9186  -0.1251  -0.1433
   0.8535  -0.1251   2.9415  -0.1229
   0.9225  -0.1433  -0.1229   2.9034

[cube slice 7]
   1.8823   0.9310   1.0336   1.1050
   0.9310   3.4626  -0.1691  -0.1908
   1.0336  -0.1691   3.4977  -0.1591
   1.1050  -0.1908  -0.1591   3.4603

[cube slice 8]
   2.1610   1.0987   1.2189   1.2958
   1.0987   4.0538  -0.2153  -0.2407
   1.2189  -0.2153   4.1008  -0.1987
   1.2958  -0.2407  -0.1987   4.0609

[cube slice 9]
   2.4765   1.2579   1.3991   1.4874
   1.2579   4.6730  -0.2599  -0.2907
   1.3991  -0.2599   4.7298  -0.2373
   1.4874  -0.2907  -0.2373   4.6850

V_t_t_s
[cube slice 0]
   10.0000         0         0         0
         0   10.0000         0         0
         0         0   10.0000         0
         0         0         0   10.0000

[cube slice 1]
   1.3113   1.1062   1.0868   1.0965
   1.1062   3.0543  -0.1473  -0.1301
   1.0868  -0.1473   3.0745  -0.1851
   1.0965  -0.1301  -0.1851   3.0718

[cube slice 2]
   0.9317   0.7847   0.7726   0.7822
   0.7847   2.1165  -0.0793  -0.0628
   0.7726  -0.0793   2.1379  -0.1035
   0.7822  -0.0628  -0.1035   2.1377

[cube slice 3]
   0.5308   0.4377   0.4406   0.4506
   0.4377   1.1643  -0.0478  -0.0189
   0.4406  -0.0478   1.1849  -0.0294
   0.4506  -0.0189  -0.0294   1.1801

[cube slice 4]
   0.5929   0.4865   0.4940   0.4999
   0.4865   1.3312  -0.0666  -0.0432
   0.4940  -0.0666   1.3571  -0.0468
   0.4999  -0.0432  -0.0468   1.3476

[cube slice 5]
   0.7496   0.6096   0.6243   0.6291
   0.6096   1.7110  -0.0956  -0.0798
   0.6243  -0.0956   1.7460  -0.0723
   0.6291  -0.0798  -0.0723   1.7367

[cube slice 6]
   0.9536   0.7636   0.7881   0.7944
   0.7636   2.1929  -0.1332  -0.1225
   0.7881  -0.1332   2.2389  -0.1055
   0.7944  -0.1225  -0.1055   2.2329

[cube slice 7]
   1.1896   0.9296   0.9682   0.9769
   0.9296   2.7370  -0.1772  -0.1700
   0.9682  -0.1772   2.7951  -0.1417
   0.9769  -0.1700  -0.1417   2.7899

[cube slice 8]
   1.4683   1.0973   1.1535   1.1677
   1.0973   3.3282  -0.2234  -0.2199
   1.1535  -0.2234   3.3982  -0.1814
   1.1677  -0.2199  -0.1814   3.3904

[cube slice 9]
   1.7838   1.2565   1.3337   1.3593
   1.2565   3.9474  -0.2680  -0.2699
   1.3337  -0.2680   4.0272  -0.2200
   1.3593  -0.2699  -0.2200   4.0146

[cube slice 10]
   2.1289   1.4084   1.5086   1.5494
   1.4084   4.5815  -0.3102  -0.3189
   1.5086  -0.3102   4.6696  -0.2576
   1.5494  -0.3189  -0.2576   4.6506

t = 1
t = 2
t = 3
t = 4
t = 5
t = 6
t = 7
t = 8
t = 9
t = 10
Yo! 
a_t_t_s
  -0.6276   0.7874   0.1612  -0.8298  -1.6651  -2.3809  -2.9788  -3.6437  -4.2397  -4.7432
   1.7340   2.6212   1.2576   1.5553   1.8819   2.3035   2.5504   2.8609   3.1472   3.3903
   3.1526   4.5386   3.1005   2.7973   2.9117   3.1532   3.4439   3.6772   3.8923   4.0739
   2.6588   3.9690   2.5819   2.5661   2.4232   2.3060   2.5086   2.6363   2.7538   2.8533
a_t_less_s
  -0.6276   0.7874   0.1612  -0.8298  -1.6651  -2.3809  -2.9788  -3.6437  -4.2397  -4.7432
   1.7340   2.6212   1.2576   1.5553   1.8819   2.3035   2.5504   2.8609   3.1472   3.3903
   3.1526   4.5386   3.1005   2.7973   2.9117   3.1532   3.4439   3.6772   3.8923   4.0739
   2.6588   3.9690   2.5819   2.5661   2.4232   2.3060   2.5086   2.6363   2.7538   2.8533
  -1.1412
   0.4531
   0.4529
   0.4536
V_t_less_s
[cube slice 0]
   10.6943   -0.0234    0.0485    0.1236
   -0.0234   10.7069    0.0289   -0.0081
    0.0485    0.0289   10.6825   -0.0022
    0.1236   -0.0081   -0.0022   10.6423

[cube slice 1]
   2.0529   1.1223   1.1748   1.2600
   1.1223   3.8804  -0.1284  -0.1481
   1.1748  -0.1284   3.8778  -0.1977
   1.2600  -0.1481  -0.1977   3.8348

[cube slice 2]
   1.6416   0.7739   0.8346   0.9196
   0.7739   2.8534  -0.0497  -0.0700
   0.8346  -0.0497   2.8528  -0.1043
   0.9196  -0.0700  -0.1043   2.8125

[cube slice 3]
   1.2265   0.4149   0.4905   0.5757
   0.4149   1.8688  -0.0170  -0.0251
   0.4905  -0.0170   1.8665  -0.0290
   0.5757  -0.0251  -0.0290   1.8216

[cube slice 4]
   1.2848   0.4593   0.5412   0.6225
   0.4593   2.0173  -0.0320  -0.0457
   0.5412  -0.0320   2.0226  -0.0409
   0.6225  -0.0457  -0.0409   1.9734

[cube slice 5]
   1.4378   0.5778   0.6692   0.7496
   0.5778   2.3758  -0.0560  -0.0771
   0.6692  -0.0560   2.3936  -0.0592
   0.7496  -0.0771  -0.0592   2.3449

[cube slice 6]
   1.6375   0.7267   0.8304   0.9126
   0.7267   2.8331  -0.0874  -0.1135
   0.8304  -0.0874   2.8657  -0.0837
   0.9126  -0.1135  -0.0837   2.8204

[cube slice 7]
   1.8688   0.8868   1.0076   1.0928
   0.8868   3.3499  -0.1241  -0.1539
   1.0076  -0.1241   3.3989  -0.1101
   1.0928  -0.1539  -0.1101   3.3544

[cube slice 8]
   2.1422   1.0475   1.1892   1.2812
   1.0475   3.9121  -0.1617  -0.1958
   1.1892  -0.1617   3.9772  -0.1387
   1.2812  -0.1958  -0.1387   3.9299

[cube slice 9]
   2.4526   1.1983   1.3647   1.4701
   1.1983   4.5019  -0.1963  -0.2372
   1.3647  -0.1963   4.5809  -0.1656
   1.4701  -0.2372  -0.1656   4.5279

V_t_t_s
[cube slice 0]
   10.0000         0         0         0
         0   10.0000         0         0
         0         0   10.0000         0
         0         0         0   10.0000

[cube slice 1]
   1.3586   1.1457   1.1263   1.1363
   1.1457   3.1735  -0.1573  -0.1400
   1.1263  -0.1573   3.1953  -0.1955
   1.1363  -0.1400  -0.1955   3.1925

[cube slice 2]
   0.9473   0.7972   0.7861   0.7960
   0.7972   2.1465  -0.0786  -0.0618
   0.7861  -0.0786   2.1703  -0.1021
   0.7960  -0.0618  -0.1021   2.1702

[cube slice 3]
   0.5322   0.4382   0.4420   0.4521
   0.4382   1.1619  -0.0459  -0.0170
   0.4420  -0.0459   1.1840  -0.0267
   0.4521  -0.0170  -0.0267   1.1793

[cube slice 4]
   0.5905   0.4827   0.4927   0.4988
   0.4827   1.3104  -0.0608  -0.0375
   0.4927  -0.0608   1.3401  -0.0387
   0.4988  -0.0375  -0.0387   1.3311

[cube slice 5]
   0.7435   0.6012   0.6207   0.6260
   0.6012   1.6688  -0.0848  -0.0690
   0.6207  -0.0848   1.7111  -0.0570
   0.6260  -0.0690  -0.0570   1.7026

[cube slice 6]
   0.9432   0.7501   0.7819   0.7890
   0.7501   2.1262  -0.1163  -0.1054
   0.7819  -0.1163   2.1833  -0.0815
   0.7890  -0.1054  -0.0815   2.1781

[cube slice 7]
   1.1745   0.9102   0.9591   0.9692
   0.9102   2.6430  -0.1530  -0.1458
   0.9591  -0.1530   2.7164  -0.1079
   0.9692  -0.1458  -0.1079   2.7121

[cube slice 8]
   1.4479   1.0709   1.1407   1.1576
   1.0709   3.2052  -0.1906  -0.1877
   1.1407  -0.1906   3.2947  -0.1365
   1.1576  -0.1877  -0.1365   3.2877

[cube slice 9]
   1.7583   1.2216   1.3163   1.3465
   1.2216   3.7950  -0.2252  -0.2291
   1.3163  -0.2252   3.8984  -0.1634
   1.3465  -0.2291  -0.1634   3.8856

[cube slice 10]
   2.0991   1.3636   1.4855   1.5338
   1.3636   4.4000  -0.2565  -0.2689
   1.4855  -0.2565   4.5155  -0.1888
   1.5338  -0.2689  -0.1888   4.4949

t = 1
t = 2
t = 3
t = 4
t = 5
t = 6
t = 7
t = 8
t = 9
t = 10
Yo! 
a_t_t_s
  -0.6440   0.7856   0.1542  -0.8308  -1.6568  -2.3629  -2.9511  -3.6057  -4.1927  -4.6891
   1.7247   2.6189   1.2482   1.5529   1.8902   2.3221   2.5855   2.9117   3.2126   3.4682
   3.1433   4.5378   3.0919   2.7975   2.9220   3.1734   3.4746   3.7206   3.9476   4.1394
   2.6489   3.9678   2.5820   2.5657   2.4252   2.3127   2.5134   2.6406   2.7578   2.8571
a_t_less_s
  -0.6440   0.7856   0.1542  -0.8308  -1.6568  -2.3629  -2.9511  -3.6057  -4.1927  -4.6891
   1.7247   2.6189   1.2482   1.5529   1.8902   2.3221   2.5855   2.9117   3.2126   3.4682
   3.1433   4.5378   3.0919   2.7975   2.9220   3.1734   3.4746   3.7206   3.9476   4.1394
   2.6489   3.9678   2.5820   2.5657   2.4252   2.3127   2.5134   2.6406   2.7578   2.8571
  -1.1364
   0.4511
   0.4509
   0.4517
V_t_less_s
[cube slice 0]
   10.6803   -0.0388    0.0378    0.1218
   -0.0388   10.6885    0.0463    0.0023
    0.0378    0.0463   10.6643    0.0108
    0.1218    0.0023    0.0108   10.6170

[cube slice 1]
   2.0422   1.1094   1.1669   1.2609
   1.1094   3.8691  -0.1111  -0.1382
   1.1669  -0.1111   3.8670  -0.1848
   1.2609  -0.1382  -0.1848   3.8169

[cube slice 2]
   1.6272   0.7572   0.8239   0.9178
   0.7572   2.8276  -0.0298  -0.0573
   0.8239  -0.0298   2.8289  -0.0879
   0.9178  -0.0573  -0.0879   2.7816

[cube slice 3]
   1.2115   0.3980   0.4792   0.5733
   0.3980   1.8436   0.0023  -0.0131
   0.4792   0.0023   1.8426  -0.0136
   0.5733  -0.0131  -0.0136   1.7908

[cube slice 4]
   1.2676   0.4396   0.5286   0.6189
   0.4396   1.9782  -0.0093  -0.0302
   0.5286  -0.0093   1.9872  -0.0206
   0.6189  -0.0302  -0.0206   1.9313

[cube slice 5]
   1.4177   0.5543   0.6548   0.7444
   0.5543   2.3183  -0.0288  -0.0570
   0.6548  -0.0288   2.3430  -0.0325
   0.7444  -0.0570  -0.0325   2.2876

[cube slice 6]
   1.6138   0.6986   0.8139   0.9056
   0.6986   2.7539  -0.0547  -0.0878
   0.8139  -0.0547   2.7970  -0.0491
   0.9056  -0.0878  -0.0491   2.7450

[cube slice 7]
   1.8409   0.8536   0.9886   1.0836
   0.8536   3.2465  -0.0848  -0.1218
   0.9886  -0.0848   3.3098  -0.0666
   1.0836  -0.1218  -0.0666   3.2585

[cube slice 8]
   2.1089   1.0083   1.1671   1.2699
   1.0083   3.7826  -0.1146  -0.1566
   1.1671  -0.1146   3.8661  -0.0853
   1.2699  -0.1566  -0.0853   3.8116

[cube slice 9]
   2.4132   1.1522   1.3389   1.4567
   1.1522   4.3460  -0.1403  -0.1902
   1.3389  -0.1403   4.4472  -0.1017
   1.4567  -0.1902  -0.1017   4.3860

V_t_t_s
[cube slice 0]
   10.0000         0         0         0
         0   10.0000         0         0
         0         0   10.0000         0
         0         0         0   10.0000

[cube slice 1]
   1.3618   1.1482   1.1292   1.1391
   1.1482   3.1805  -0.1575  -0.1405
   1.1292  -0.1575   3.2027  -0.1956
   1.1391  -0.1405  -0.1956   3.1999

[cube slice 2]
   0.9469   0.7961   0.7862   0.7960
   0.7961   2.1391  -0.0762  -0.0596
   0.7862  -0.0762   2.1646  -0.0986
   0.7960  -0.0596  -0.0986   2.1646

[cube slice 3]
   0.5312   0.4368   0.4414   0.4515
   0.4368   1.1550  -0.0440  -0.0154
   0.4414  -0.0440   1.1783  -0.0244
   0.4515  -0.0154  -0.0244   1.1739

[cube slice 4]
   0.5873   0.4784   0.4908   0.4970
   0.4784   1.2896  -0.0556  -0.0326
   0.4908  -0.0556   1.3229  -0.0314
   0.4970  -0.0326  -0.0314   1.3143

[cube slice 5]
   0.7373   0.5931   0.6170   0.6226
   0.5931   1.6298  -0.0751  -0.0593
   0.6170  -0.0751   1.6787  -0.0432
   0.6226  -0.0593  -0.0432   1.6707

[cube slice 6]
   0.9335   0.7375   0.7761   0.7838
   0.7375   2.0654  -0.1010  -0.0902
   0.7761  -0.1010   2.1327  -0.0599
   0.7838  -0.0902  -0.0599   2.1280

[cube slice 7]
   1.1605   0.8925   0.9508   0.9618
   0.8925   2.5580  -0.1312  -0.1241
   0.9508  -0.1312   2.6455  -0.0774
   0.9618  -0.1241  -0.0774   2.6416

[cube slice 8]
   1.4286   1.0471   1.1293   1.1481
   1.0471   3.0941  -0.1610  -0.1589
   1.1293  -0.1610   3.2018  -0.0961
   1.1481  -0.1589  -0.0961   3.1946

[cube slice 9]
   1.7329   1.1910   1.3012   1.3349
   1.1910   3.6575  -0.1866  -0.1926
   1.3012  -0.1866   3.7829  -0.1125
   1.3349  -0.1926  -0.1125   3.7690

[cube slice 10]
   2.0670   1.3254   1.4662   1.5199
   1.3254   4.2360  -0.2083  -0.2243
   1.4662  -0.2083   4.3773  -0.1271
   1.5199  -0.2243  -0.1271   4.3543

t = 1
t = 2
t = 3
t = 4
t = 5
t = 6
t = 7
t = 8
t = 9
t = 10
Yo! 
a_t_t_s
  -0.6515   0.7825   0.1490  -0.8301  -1.6475  -2.3444  -2.9234  -3.5680  -4.1460  -4.6348
   1.7205   2.6168   1.2406   1.5519   1.8992   2.3404   2.6189   2.9593   3.2731   3.5398
   3.1354   4.5346   3.0850   2.7990   2.9329   3.1936   3.5045   3.7623   4.0000   4.2010
   2.6433   3.9652   2.5832   2.5667   2.4287   2.3208   2.5198   2.6468   2.7638   2.8631
a_t_less_s
  -0.6515   0.7825   0.1490  -0.8301  -1.6475  -2.3444  -2.9234  -3.5680  -4.1460  -4.6348
   1.7205   2.6168   1.2406   1.5519   1.8992   2.3404   2.6189   2.9593   3.2731   3.5398
   3.1354   4.5346   3.0850   2.7990   2.9329   3.1936   3.5045   3.7623   4.0000   4.2010
   2.6433   3.9652   2.5832   2.5667   2.4287   2.3208   2.5198   2.6468   2.7638   2.8631
  -1.1353
   0.4507
   0.4505
   0.4513
V_t_less_s
[cube slice 0]
   10.6634   -0.0508    0.0294    0.1205
   -0.0508   10.6717    0.0619    0.0114
    0.0294    0.0619   10.6478    0.0221
    0.1205    0.0114    0.0221   10.5938

[cube slice 1]
   2.0250   1.0971   1.1585   1.2593
   1.0971   3.8504  -0.0950  -0.1289
   1.1585  -0.0950   3.8489  -0.1728
   1.2593  -0.1289  -0.1728   3.7922

[cube slice 2]
   1.6087   0.7433   0.8146   0.9155
   0.7433   2.8014  -0.0120  -0.0461
   0.8146  -0.0120   2.8045  -0.0732
   0.9155  -0.0461  -0.0732   2.7505

[cube slice 3]
  1.1934e+000  3.8463e-001  4.7013e-001  5.7124e-001
  3.8463e-001  1.8200e+000  1.9597e-002 -2.5901e-003
  4.7013e-001  1.9597e-002  1.8204e+000 -8.5278e-005
  5.7124e-001 -2.5901e-003 -8.5278e-005  1.7622e+000

[cube slice 4]
   1.2475   0.4236   0.5183   0.6157
   0.4236   1.9421   0.0110  -0.0166
   0.5183   0.0110   1.9546  -0.0027
   0.6157  -0.0166  -0.0027   1.8924

[cube slice 5]
   1.3949   0.5349   0.6428   0.7397
   0.5349   2.2656  -0.0044  -0.0392
   0.6428  -0.0044   2.2966  -0.0088
   0.7397  -0.0392  -0.0088   2.2349

[cube slice 6]
   1.5876   0.6750   0.7999   0.8990
   0.6750   2.6814  -0.0254  -0.0650
   0.7999  -0.0254   2.7341  -0.0184
   0.8990  -0.0650  -0.0184   2.6755

[cube slice 7]
   1.8106   0.8253   0.9722   1.0750
   0.8253   3.1520  -0.0496  -0.0933
   0.9722  -0.0496   3.2284  -0.0280
   1.0750  -0.0933  -0.0280   3.1703

[cube slice 8]
   2.0735   0.9746   1.1477   1.2592
   0.9746   3.6646  -0.0724  -0.1217
   1.1477  -0.0724   3.7646  -0.0379
   1.2592  -0.1217  -0.0379   3.7028

[cube slice 9]
   2.3717   1.1124   1.3163   1.4437
   1.1124   4.2040  -0.0901  -0.1484
   1.3163  -0.0901   4.3251  -0.0451
   1.4437  -0.1484  -0.0451   4.2557

V_t_t_s
[cube slice 0]
   10.0000         0         0         0
         0   10.0000         0         0
         0         0   10.0000         0
         0         0         0   10.0000

[cube slice 1]
   1.3615   1.1478   1.1290   1.1388
   1.1478   3.1787  -0.1569  -0.1403
   1.1290  -0.1569   3.2011  -0.1949
   1.1388  -0.1403  -0.1949   3.1983

[cube slice 2]
   0.9453   0.7941   0.7852   0.7950
   0.7941   2.1297  -0.0739  -0.0575
   0.7852  -0.0739   2.1567  -0.0954
   0.7950  -0.0575  -0.0954   2.1567

[cube slice 3]
   0.5300   0.4354   0.4407   0.4507
   0.4354   1.1483  -0.0423  -0.0140
   0.4407  -0.0423   1.1726  -0.0222
   0.4507  -0.0140  -0.0222   1.1684

[cube slice 4]
   0.5841   0.4743   0.4888   0.4952
   0.4743   1.2704  -0.0509  -0.0281
   0.4888  -0.0509   1.3068  -0.0249
   0.4952  -0.0281  -0.0249   1.2986

[cube slice 5]
   0.7314   0.5856   0.6134   0.6192
   0.5856   1.5939  -0.0663  -0.0506
   0.6134  -0.0663   1.6488  -0.0309
   0.6192  -0.0506  -0.0309   1.6411

[cube slice 6]
   0.9242   0.7258   0.7705   0.7785
   0.7258   2.0097  -0.0873  -0.0765
   0.7705  -0.0873   2.0863  -0.0405
   0.7785  -0.0765  -0.0405   2.0817

[cube slice 7]
   1.1472   0.8761   0.9428   0.9545
   0.8761   2.4803  -0.1115  -0.1047
   0.9428  -0.1115   2.5806  -0.0501
   0.9545  -0.1047  -0.0501   2.5765

[cube slice 8]
   1.4101   1.0253   1.1183   1.1387
   1.0253   2.9929  -0.1343  -0.1331
   1.1183  -0.1343   3.1168  -0.0600
   1.1387  -0.1331  -0.0600   3.1090

[cube slice 9]
   1.7082   1.1632   1.2868   1.3232
   1.1632   3.5323  -0.1520  -0.1599
   1.2868  -0.1520   3.6774  -0.0672
   1.3232  -0.1599  -0.0672   3.6618

[cube slice 10]
   2.0354   1.2909   1.4481   1.5061
   1.2909   4.0870  -0.1651  -0.1845
   1.4481  -0.1651   4.2511  -0.0723
   1.5061  -0.1845  -0.0723   4.2250

t = 1
t = 2
t = 3
t = 4
t = 5
t = 6
t = 7
t = 8
t = 9
t = 10
Yo! 
a_t_t_s
  -0.6565   0.7800   0.1443  -0.8293  -1.6384  -2.3267  -2.8971  -3.5321  -4.1016  -4.5831
   1.7179   2.6153   1.2338   1.5512   1.9076   2.3576   2.6501   3.0035   3.3292   3.6059
   3.1292   4.5318   3.0788   2.8006   2.9434   3.2127   3.5328   3.8014   4.0491   4.2586
   2.6397   3.9631   2.5845   2.5678   2.4322   2.3288   2.5265   2.6536   2.7707   2.8700
a_t_less_s
  -0.6565   0.7800   0.1443  -0.8293  -1.6384  -2.3267  -2.8971  -3.5321  -4.1016  -4.5831
   1.7179   2.6153   1.2338   1.5512   1.9076   2.3576   2.6501   3.0035   3.3292   3.6059
   3.1292   4.5318   3.0788   2.8006   2.9434   3.2127   3.5328   3.8014   4.0491   4.2586
   2.6397   3.9631   2.5845   2.5678   2.4322   2.3288   2.5265   2.6536   2.7707   2.8700
  -1.1352
   0.4505
   0.4504
   0.4512
V_t_less_s
[cube slice 0]
   10.6468   -0.0609    0.0221    0.1192
   -0.0609   10.6567    0.0762    0.0196
    0.0221    0.0762   10.6331    0.0323
    0.1192    0.0196    0.0323   10.5727

[cube slice 1]
   2.0079   1.0864   1.1509   1.2575
   1.0864   3.8333  -0.0800  -0.1205
   1.1509  -0.0800   3.8321  -0.1620
   1.2575  -0.1205  -0.1620   3.7689

[cube slice 2]
   1.5905   0.7312   0.8064   0.9132
   0.7312   2.7776   0.0045  -0.0360
   0.8064   0.0045   2.7823  -0.0602
   0.9132  -0.0360  -0.0602   2.7219

[cube slice 3]
   1.1757   0.3731   0.4621   0.5692
   0.3731   1.7987   0.0355   0.0069
   0.4621   0.0355   1.8004   0.0120
   0.5692   0.0069   0.0120   1.7359

[cube slice 4]
   1.2279   0.4096   0.5091   0.6126
   0.4096   1.9095   0.0297  -0.0044
   0.5091   0.0297   1.9251   0.0133
   0.6126  -0.0044   0.0133   1.8567

[cube slice 5]
   1.3726   0.5177   0.6321   0.7350
   0.5177   2.2177   0.0178  -0.0231
   0.6321   0.0178   2.2543   0.0125
   0.7350  -0.0231   0.0125   2.1863

[cube slice 6]
   1.5621   0.6540   0.7872   0.8925
   0.6540   2.6154   0.0013  -0.0445
   0.7872   0.0013   2.6766   0.0091
   0.8925  -0.0445   0.0091   2.6115

[cube slice 7]
   1.7813   0.8000   0.9571   1.0665
   0.8000   3.0660  -0.0175  -0.0675
   0.9571  -0.0175   3.1539   0.0066
   1.0665  -0.0675   0.0066   3.0890

[cube slice 8]
   2.0394   0.9442   1.1299   1.2485
   0.9442   3.5572  -0.0340  -0.0902
   1.1299  -0.0340   3.6718   0.0045
   1.2485  -0.0902   0.0045   3.6026

[cube slice 9]
   2.3316   1.0766   1.2953   1.4309
   1.0766   4.0749  -0.0445  -0.1108
   1.2953  -0.0445   4.2137   0.0055
   1.4309  -0.1108   0.0055   4.1357

V_t_t_s
[cube slice 0]
   10.0000         0         0         0
         0   10.0000         0         0
         0         0   10.0000         0
         0         0         0   10.0000

[cube slice 1]
   1.3610   1.1473   1.1287   1.1383
   1.1473   3.1766  -0.1563  -0.1401
   1.1287  -0.1563   3.1991  -0.1943
   1.1383  -0.1401  -0.1943   3.1962

[cube slice 2]
   0.9437   0.7921   0.7843   0.7939
   0.7921   2.1209  -0.0718  -0.0556
   0.7843  -0.0718   2.1493  -0.0925
   0.7939  -0.0556  -0.0925   2.1492

[cube slice 3]
   0.5289   0.4340   0.4400   0.4499
   0.4340   1.1420  -0.0408  -0.0127
   0.4400  -0.0408   1.1673  -0.0203
   0.4499  -0.0127  -0.0203   1.1632

[cube slice 4]
   0.5811   0.4706   0.4870   0.4933
   0.4706   1.2528  -0.0466  -0.0240
   0.4870  -0.0466   1.2920  -0.0190
   0.4933  -0.0240  -0.0190   1.2840

[cube slice 5]
   0.7258   0.5786   0.6099   0.6158
   0.5786   1.5610  -0.0584  -0.0428
   0.6099  -0.0584   1.6213  -0.0198
   0.6158  -0.0428  -0.0198   1.6137

[cube slice 6]
   0.9153   0.7149   0.7650   0.7732
   0.7149   1.9587  -0.0749  -0.0641
   0.7650  -0.0749   2.0436  -0.0231
   0.7732  -0.0641  -0.0231   2.0389

[cube slice 7]
   1.1345   0.8609   0.9350   0.9472
   0.8609   2.4093  -0.0937  -0.0872
   0.9350  -0.0937   2.5208  -0.0257
   0.9472  -0.0872  -0.0257   2.5163

[cube slice 8]
   1.3925   1.0052   1.1078   1.1293
   1.0052   2.9005  -0.1102  -0.1098
   1.1078  -0.1102   3.0388  -0.0278
   1.1293  -0.1098  -0.0278   3.0300

[cube slice 9]
   1.6848   1.1375   1.2732   1.3116
   1.1375   3.4182  -0.1207  -0.1304
   1.2732  -0.1207   3.5806  -0.0268
   1.3116  -0.1304  -0.0268   3.5631

[cube slice 10]
   2.0053   1.2593   1.4309   1.4924
   1.2593   3.9512  -0.1260  -0.1486
   1.4309  -0.1260   4.1357  -0.0233
   1.4924  -0.1486  -0.0233   4.1060

t = 1
t = 2
t = 3
t = 4
t = 5
t = 6
t = 7
t = 8
t = 9
t = 10
Yo! 
a_t_t_s
  -0.6609   0.7777   0.1400  -0.8284  -1.6298  -2.3099  -2.8722  -3.4983  -4.0596  -4.5342
   1.7156   2.6140   1.2275   1.5506   1.9157   2.3738   2.6791   3.0445   3.3812   3.6673
   3.1236   4.5293   3.0730   2.8022   2.9533   3.2308   3.5594   3.8382   4.0952   4.3126
   2.6367   3.9613   2.5856   2.5689   2.4358   2.3366   2.5333   2.6607   2.7781   2.8776
a_t_less_s
  -0.6609   0.7777   0.1400  -0.8284  -1.6298  -2.3099  -2.8722  -3.4983  -4.0596  -4.5342
   1.7156   2.6140   1.2275   1.5506   1.9157   2.3738   2.6791   3.0445   3.3812   3.6673
   3.1236   4.5293   3.0730   2.8022   2.9533   3.2308   3.5594   3.8382   4.0952   4.3126
